202589682025896920258968
20258969
20258968
20258969
20258970
20698519
20698520
20698521
20698522
20744936
20744937
21025299
21042347
21042348
21042349
21042350
21042351
21042352
21042353
21042354
21042355
21042356
21042357
21042358
21042359
21042360
21042361
21042362
21042363
21042364
21042365
21042366
21042367
21042368
21042369
21042370
21042371
21042372
21042373
21042374
21042375
21042376
21042377
21042378
21042379
21042380
21042381
21042382
21042383
21042384
21042385
21042386
21042387
21042388
21041902
21041903
21041904
21041905
21041906
21041907
21041908
21041909
21041910
21041911
21041912
21041913
21041914
21041915
21041916
21041917
21041918
21041919
21041920
21041921
21041922
21041923
21041924
21041925
21041926
21041927
21041928
21041929
21041930
21041931
21041932
21041933
21041934
21041935
21041936
21041937
21041938
21041939
21041940
21041941
21041942
21041943
21041944
21041945
21041946
21041947
21041948
21041953
21041954
21041955
21041956
21041957
21041958
21041959
21041960
21041961
21041962
21041963
21041964
21041965
21041966
21041967
21041968
21041969
21041970
21041971
21041972
21041973
21041974
21041975
21041976
21041977
21041978
21042022
21041979
21041980
21041981
21041982
21041983
21041984
21041985
21041986
21041987
21041988
21041989
21041990
21041991
21041992
21041993
21041994
21041995
21041996
21041997
21041998
21041999
21042000
21042001
21042002
21042003
21042004
21042005
21042006
21042007
21042008
21042009
21042010
21042011
21042012
21042013
21042014
21042015
21042016
21042017
21042018
21042019
21042020
21042021
21042397
21042398
21042399
21042400
21042401
21042402
21042403
21042404
21042405
21042406
21042407
21042408
21042409
21042410
21042411
21042412
21042413
21042414
21042415
21042416
21042417
21042418
21042419
21042420
21042421
21042422
21042423
21042424
21042425
21042426
21042427
21042428
21042429
21042430
21042431
21042432
21042433
21042434
21043007
21043008
21043009
21043010
21043011
21043012
21043013
21043014
21043015
21043016
21043017
21043018
21043019
21043020
21043021
21043022
21043023
21043024
21043025
21043026
21043027
21043028
21043029
21043030
21043031
21043032
21043033
21043034
21043035
21043036
21043037
21043038
21043039
21043040
21043041
21043042
21043043
21043044
21043045
21043046
21043047
21043048
21043049
21043050
21043051
21043052
21043053
21043054
21043055
21043056
21043057
21043058
21043059
21043060
21043061
21043062
21043063
21043064
21047210
